-87.66400000000002 41.872986000000004 -134.21399045816113 -87.66287500000001 41.8732825 -97.66671926822487 30 45
-87.6668172413793 41.87423724137931 83.20018190894551 -87.6664 41.87512785714285 -126.01067684856578 45 90
-87.6522 41.87643166666666 -62.94316325706669 -87.65175555555555 41.87528888888889 -24.135434204875565 45 46
-87.67147536231884 41.873587246376815 -176.0486796047819 -87.67119836065571 41.87405081967213 -98.5451605296386 45 30
-87.66538 41.871734000000004 -88.76969337973003 -87.66429999999998 41.872130000000006 -164.97368937759873 30 20
-87.64206999999999 41.883146999999994 -87.18829158303944 -87.6413857142857 41.882889999999996 -35.38177444295149 30 29
-87.64075714285711 41.881023571428564 -7.718012856802896 -87.64077272727273 41.88012636363636 -2.1412562433843787 32 37
-87.66885038167939 41.87174877862596 -147.3792553742947 -87.66769459459461 41.87155837837838 -106.08710376354964 37 45
-87.64574166666667 41.86477333333334 -91.36084225919987 -87.64544000000001 41.864795 -60.16684651416107 30 30
-87.65093999999998 41.86538456140351 177.9626922131812 -87.65096999999997 41.86619496774193 179.30433078311717 49 51
-87.66494728434505 41.8693131629393 87.87558452369437 -87.66612408536587 41.86930661585366 89.13952494540412 45 45
-87.66638362068967 41.8716425 178.65783201040156 -87.66641605839415 41.872532481751826 178.6241482106836 45 47
-87.66764081632653 41.871661632653066 -82.94690100768763 -87.66671666666667 41.871668055555546 -116.29310712541975 45 35
-87.6623907308378 41.86693650623886 90.5698206408481 -87.66110316573557 41.86690575418994 -93.00741211670184 60 60
-87.67643855932205 41.87359349576271 -4.363369745870611 -87.67638277439025 41.87275568597561 -3.1612344514147948 39 47
-87.64472500000001 41.865545 -1.9890905967440573 -87.64495 41.86449666666667 0.6496488056317886 71 59
-87.64081724137931 41.87012672413793 8.020781682044756 -87.64123636363637 41.869786818181815 83.79137226930541 45 40
-87.64706974522292 41.86961901273885 -89.50576469880264 -87.64699329113924 41.86883039240505 -1.253827341285981 41 47
-87.67753950617283 41.87401853395061 -89.13158630468007 -87.67676315789474 41.87399377990431 -66.81294961734339 60 45
-87.65067735849055 41.862324433962264 147.97842599780057 -87.65085277777777 41.862852527777775 178.05576723478623 30 37
-87.65240608828006 41.8743197412481 -87.88495969673946 -87.65225058479533 41.87429326023392 -92.69117624973399 45 45
-87.64928713235294 41.862339522058825 87.90995873635838 -87.65014357976655 41.86231653696498 88.7945562207537 40 45
-87.67676315789474 41.87399377990431 -66.81294961734339 -87.67643855932205 41.87359349576271 -4.363369745870611 45 39
-87.64101666666666 41.876975 1.1262870529331601 -87.64096538461538 41.876375384615386 -1.0201619496185363 40 41
-87.6425894736842 41.881091052631575 179.66931005644815 -87.64244666666667 41.88189666666667 82.80239855082242 53 58
-87.64844586466167 41.8623542481203 87.8140665188697 -87.64928713235294 41.862339522058825 87.90995873635838 45 40
-87.64252608695651 41.87846826086957 177.4944222644167 -87.642584 41.87924520000001 -177.33676844315428 35 44
-87.64097647058823 41.87848823529412 0.4039537195560763 -87.6404875 41.87788 42.34962065755141 31 46
-87.66896393596987 41.870042071563084 -0.7334680409314875 -87.66891944444444 41.86936526455027 -11.57354763655383 49 37
-87.66110316573557 41.86690575418994 -93.00741211670184 -87.65982644320297 41.86695919925513 76.25693064630354 60 60
-87.64699618320613 41.86737053435115 7.227148797874383 -87.64686742424243 41.86659992424243 -11.351069622664243 34 39
-87.68516391304348 41.86902976086956 90.91031982675231 -87.68573705583756 41.86901974619289 111.23813478122574 30 30
-87.67145769230773 41.86867134615385 8.032142756562441 -87.67182424242424 41.868873939393936 91.08415567427228 43 45
-87.65344509202454 41.86947739263804 88.37445244104335 -87.65464785276075 41.86946478527608 89.63889461307726 45 31
-87.64244666666667 41.88189666666667 82.80239855082242 -87.64250000000001 41.88188176470588 177.8075655534298 58 36
-87.6735123655914 41.86924725806452 149.66888827038562 -87.6737083462133 41.86924095826893 87.51522480168151 30 45
-87.64703966942147 41.87147876033058 0.0947185921360823 -87.64701566265059 41.870595980284776 -1.3422305538105976 47 49
-87.66638362068967 41.8716425 178.65783201040156 -87.66538 41.871734000000004 -88.76969337973003 45 30
-87.65712 41.87537400000001 -88.31759706253223 -87.65698888888888 41.875217777777785 -6.6496174014031775 64 45
-87.64674269005849 41.862710350877194 2.825318670969544 -87.6468985815603 41.86241581560284 81.67258965547653 41 30
-87.64516341463415 41.87925487804878 89.17843571749184 -87.64652272727272 41.87923590909091 88.56816969485682 45 45
-87.64230689655173 41.872649310344826 178.66617308383886 -87.6423275862069 41.87359586206897 179.47992379844118 47 51
-87.640675 41.87990875 22.833152999619898 -87.64096470588235 41.87926764705883 2.1217778908506744 31 23
-87.65325606299211 41.86706796850394 130.84773491841517 -87.65208557504873 41.86706762183236 -100.7817746212601 45 45
-87.64239565217393 41.87520239130435 178.4412838446901 -87.64243863636364 41.87607909090909 -179.6467430106038 48 46
-87.68568 41.866879999999995 150.43502422426857 -87.68598333333335 41.868019999999994 179.01640525627684 22 26
-87.64701566265059 41.870595980284776 -1.3422305538105976 -87.6470359612725 41.869717856154914 6.708602952979641 49 43
-87.6744344117647 41.87149792647059 -92.47664143464749 -87.67355 41.87137096153846 -149.12287708292456 45 30
-87.65100017391305 41.874331913043484 -89.8648312348504 -87.64991283783783 41.87434293918919 -90.15353985273022 45 45
-87.67143208955224 41.871429253731336 -175.60406176037375 -87.67134423868312 41.871543621399184 -91.1984021698179 45 45
-87.66625106382979 41.86860680851064 177.13939101884304 -87.66613888888888 41.86925817901235 -105.95347567866064 47 45
-87.64680222222223 41.86486137037036 -0.7642303264306124 -87.64676079027356 41.86407237082067 1.8631919243603459 32 41
-87.64350714285715 41.88190642857143 82.52215748820939 -87.6437590909091 41.88183545454545 14.603118210347569 53 44
-87.66671739130436 41.876533478260875 -0.4709089454040654 -87.66727499999999 41.876365 89.74836154261564 45 45
-87.66612408536587 41.86930661585366 89.13952494540412 -87.66494936708861 41.869271962025316 -92.70143783198668 45 45
-87.65690245614034 41.86944333333333 88.7441153872643 -87.65671832258066 41.87019455483871 178.52691502767058 45 45
-87.67140322003578 41.86926996422182 83.15085241892905 -87.67145769230773 41.86867134615385 8.032142756562441 30 43
-87.68604848993289 41.870757869127516 178.49958351342093 -87.68608821548823 41.8715382996633 177.91094492391323 49 49
-87.67360299999999 41.87085946666666 178.73025161277064 -87.67355 41.87137096153846 -149.12287708292456 37 30
-87.6509096 41.86446892 -177.46599877431396 -87.65090398550723 41.864522862318836 177.43700203867965 39 29
-87.66090163265307 41.86936448979592 88.91514403076756 -87.6617408071749 41.86935883408072 89.73135352080048 45 45
-87.64377800000003 41.8744784 -51.269789741682544 -87.64385205479452 41.87436534246576 90.35071642681051 45 45
-87.65799966216215 41.86942682432433 88.46053598389737 -87.659049122807 41.86940277192983 88.32568778749581 45 45
-87.67133438735178 41.86938063241107 136.81360335567365 -87.67154354838709 41.87007 96.53848055095148 30 45
-87.66717515337423 41.869282269938644 88.58683889568064 -87.66808780487807 41.869262090592336 86.76738671161372 45 45
-87.64707381546137 41.87234376558603 -7.121739881124257 -87.64704676616915 41.87150798507463 -3.232768063496903 41 41
-87.66491818181817 41.87536545454546 -92.77296915354268 -87.66335714285712 41.875417142857145 -91.64128855382071 90 79
-87.6690481308411 41.87133353582555 -4.075534225145242 -87.6689938071066 41.8707659390863 -2.5888825925289316 39 47
-87.64699329113924 41.86883039240505 -1.253827341285981 -87.64698154613465 41.86799532418953 -0.23360550843493913 47 47
-87.65591047463175 41.86699882160392 -100.12476565638536 -87.65696239600666 41.86701068219634 -112.40358230271302 60 45
-87.65094056224899 41.86536265060241 -179.9629399875548 -87.65093999999998 41.86538456140351 177.9626922131812 43 49
-87.64604150943397 41.87434622641509 89.4634864723928 -87.646076 41.8743282 -81.41086163777858 45 45
-87.67526666666667 41.87529 -91.01537797723249 -87.6739 41.87531 -91.79971269895074 75 75
-87.66907710176991 41.86921204646018 104.97255721776891 -87.66989846547315 41.869258150042626 89.4840675112908 30 45
-87.6636820610687 41.866905992366405 92.00186860655269 -87.66484527363184 41.86692414593698 88.52828904987743 60 60
-87.64339145299145 41.86969487179488 -88.46810149167686 -87.64237902097902 41.869844265734265 -142.62144794369746 45 45
-87.65348901639344 41.87429736065574 -89.9630118760838 -87.65240608828006 41.8743197412481 -87.88495969673946 45 45
-87.67507142857143 41.86680142857143 88.8233497189819 -87.6763 41.866777 -0.7632865148999043 46 45
-87.68020177514792 41.87398411242604 -91.26856445691881 -87.67884345479082 41.87400381916329 -90.98904565577735 60 60
-87.6826467791411 41.873942852760734 -90.79353659319335 -87.68145147928995 41.87395707100592 -91.6959407959803 60 45
-87.64135714285715 41.87928392857142 92.44136546154064 -87.64097647058823 41.87848823529412 0.4039537195560763 36 31
-87.64255833333334 41.880150416666666 -179.85016780256586 -87.6425894736842 41.881091052631575 179.66931005644815 56 53
-87.64480804597703 41.869686781609204 79.83156729269379 -87.64465576923077 41.86965185897436 -92.76062841574536 45 45
-87.67884345479082 41.87400381916329 -90.98904565577735 -87.67753950617283 41.87401853395061 -89.13158630468007 60 60
-87.6831 41.866616666666665 100.0562649565906 -87.68431666666667 41.866598333333336 91.65209726408615 45 34
-87.64122777777779 41.882266111111115 -4.00797266018666 -87.64075714285711 41.881023571428564 -7.718012856802896 32 32
-87.65175555555555 41.87528888888889 -24.135434204875565 -87.65070000000001 41.87518 -90.26660936916153 46 60
-87.64495 41.86449666666667 0.6496488056317886 -87.64538461538463 41.86417576923077 86.79346284088592 59 30
-87.66916666666667 41.875285 -82.1740612151594 -87.66786666666667 41.87538 -90.14067615755631 90 90
-87.657075 41.877165 1.2125476514115534 -87.65701666666666 41.876394999999995 -23.72953588832169 40 29
-87.67355 41.87137096153846 -149.12287708292456 -87.67353486394558 41.87150637755102 -90.96584393436498 30 30
-87.68573705583756 41.86901974619289 111.23813478122574 -87.68599164345405 41.86930200557103 176.91133162233444 30 33
-87.66610849673202 41.866823050108934 -96.09193685203529 -87.66494920071048 41.866849289520424 -92.73755489845446 45 49
-87.64798116504853 41.87432937864078 -83.51738978313534 -87.6478044871795 41.87435814102564 -53.126613997253955 45 45
-87.68683333333333 41.87520333333333 -91.30155693143868 -87.68612727272728 41.87497545454545 -177.5933808004745 81 58
-87.65690245614034 41.86944333333333 88.7441153872643 -87.65799966216215 41.86942682432433 88.46053598389737 45 45
-87.65225109717868 41.869505391849536 87.57895214759857 -87.65344509202454 41.86947739263804 88.37445244104335 45 45
-87.64760642857142 41.86237210714285 87.95509064792529 -87.64844586466167 41.8623542481203 87.8140665188697 45 45
-87.68372303206998 41.86904002915452 89.68670436062516 -87.684401686747 41.8690323373494 88.8052586065531 30 40
-87.64652272727272 41.87923590909091 88.56816969485682 -87.6478125 41.87922166666667 88.85068847164908 45 45
-87.67215900339751 41.86929972819933 89.0055354555716 -87.67289331742244 41.86925859188544 91.2180221748962 45 45
-87.67134423868312 41.871543621399184 -91.1984021698179 -87.6714694214876 41.8726552892562 179.3464068169195 45 45
-87.68613702290077 41.8736322519084 -168.04437290448715 -87.68579650537637 41.8738898655914 -93.93578728982666 40 30
-87.67359240506329 41.86977202531645 90.22977885907578 -87.67353066202091 41.87027961672474 173.67785283493157 45 42
-87.65096999999997 41.86619496774193 179.30433078311717 -87.65098558558557 41.866372792792795 174.258147375998 51 45
-87.64698154613465 41.86799532418953 -0.23360550843493913 -87.64699618320613 41.86737053435115 7.227148797874383 47 34
-87.68579650537637 41.8738898655914 -93.93578728982666 -87.68494928315413 41.87391188172043 -91.12090525232405 30 45
-87.65994313099041 41.8742831629393 88.53895693400464 -87.66114229607251 41.874259425981876 88.30539912681424 60 60
-87.65108419243985 41.87433721649485 -93.59017923570065 -87.65100017391305 41.874331913043484 -89.8648312348504 45 45
-87.67145769230773 41.86867134615385 8.032142756562441 -87.67140307692308 41.86777569230769 -1.6611924294665759 43 43
-87.66989846547315 41.869258150042626 89.4840675112908 -87.67070576519916 41.86925705450734 91.29001556637299 45 45
-87.64384146341462 41.87615731707318 0.07135311353797207 -87.64382727272726 41.875256590909096 1.2496782157792887 59 60
-87.67924 41.875257999999995 -90.29950292805304 -87.67798 41.875262 -90.60740629026346 90 90
-87.64606492537312 41.869604402985075 -98.94698464204802 -87.64591376811595 41.869631086956524 -89.99973307804574 45 45
-87.68599164345405 41.86930200557103 176.91133162233444 -87.68601845637586 41.869974144295306 178.2391899388324 33 47
-87.68386703125 41.873924984374995 -90.75107106613984 -87.6826467791411 41.873942852760734 -90.79353659319335 45 60
-87.65104884004883 41.86713709401709 87.2747093502141 -87.65097775628627 41.867893094777564 178.36799791975346 45 45
-87.64465576923077 41.86965185897436 -92.76062841574536 -87.64351382113821 41.869690000000006 -95.23736089194831 45 45
-87.64092333333335 41.87503066666667 3.075751534325426 -87.64098181818181 41.874491818181816 23.077391094124362 39 30
-87.6478125 41.87922166666667 88.85068847164908 -87.64910612244898 41.879202040816324 88.9207587236777 45 45
-87.64910628272251 41.86954780104712 -86.25045460195516 -87.65008778625953 41.869599312977094 82.5752457910225 45 45
-87.6739 41.87531 -91.79971269895074 -87.67263333333334 41.87578333333334 82.38067830980773 75 48
-87.65085542168673 41.86370807228915 -46.24881344919209 -87.6509096 41.86446892 -177.46599877431396 37 39
-87.6699543417367 41.87155549019608 -91.79974573156434 -87.66931850899743 41.87156249357327 -82.51017341699004 45 40
-87.66885038167939 41.87174877862596 -147.3792553742947 -87.6690481308411 41.87133353582555 -4.075534225145242 37 39
-87.65310000000001 41.87912368421053 88.73796424372048 -87.65438043478261 41.87910369565218 88.96918392406386 45 41
-87.64676046511629 41.8648911627907 -79.26823480776788 -87.64680222222223 41.86486137037036 -0.7642303264306124 31 32
-87.67134423868312 41.871543621399184 -91.1984021698179 -87.6706940092166 41.871540599078344 -90.84846249825058 45 45
-87.64480804597703 41.869686781609204 79.83156729269379 -87.64496666666666 41.86870666666667 -4.773070130193501 45 69
-87.6623907308378 41.86693650623886 90.5698206408481 -87.66240656303972 41.86691937823835 73.30110624748953 60 60
-87.6793556640625 41.869116484375 88.9371088180066 -87.68031744421907 41.869112413793104 88.59790418906006 60 45
-87.67289331742244 41.86925859188544 91.2180221748962 -87.6735123655914 41.86924725806452 149.66888827038562 45 30
-87.66256428571428 41.878951071428574 88.52260436678344 -87.66384651162792 41.878929534883724 88.46869293656715 45 45
-87.67133438735178 41.86938063241107 136.81360335567365 -87.67140322003578 41.86926996422182 83.15085241892905 30 30
-87.67154354838709 41.87007 96.53848055095148 -87.67215900339751 41.86929972819933 89.0055354555716 45 45
-87.68296288209606 41.86904801310043 88.90951969402606 -87.68372303206998 41.86904002915452 89.68670436062516 45 30
-87.66641605839415 41.872532481751826 178.6241482106836 -87.66648888888889 41.87341745098039 -179.21637853451824 47 47
-87.66611586538463 41.866919182692314 90.07801689200119 -87.66621999999997 41.86779763636364 178.44116855291023 45 48
-87.64683976608187 41.8656598245614 2.0078063107510737 -87.64676046511629 41.8648911627907 -79.26823480776788 35 31
-87.67578788282289 41.86919688415446 87.92511708156528 -87.67607524271845 41.86933441747572 164.78583820385478 45 45
-87.67353486394558 41.87150637755102 -90.96584393436498 -87.67273832335329 41.87153221556886 -91.82886047780138 30 45
-87.67615301587301 41.87146758730159 -85.74523451435992 -87.67546619170984 41.87145458549223 -91.49033545665078 31 40
-87.64989095022624 41.87435925339366 -94.67947084718618 -87.64895808270677 41.87435954887217 -92.09070045601902 45 45
-87.66331815181519 41.87419976897691 92.24752601526828 -87.66233501683502 41.8741634006734 -94.1559389897614 60 60
-87.6404875 41.87788 42.34962065755141 -87.64104666666665 41.877602 -3.6009799030133207 46 39
-87.6567099489796 41.872617653061226 -177.6345149099301 -87.65668386683738 41.87341165172855 -179.36711648188725 39 45
-87.642584 41.87924520000001 -177.33676844315428 -87.64383658536585 41.87927853658536 87.07833573188952 44 45
-87.67242 41.866755999999995 -89.61866508250301 -87.67132380952381 41.86703142857142 -10.273955712017985 45 39
-87.65671832258066 41.87019455483871 178.52691502767058 -87.65674374225527 41.870992986369274 178.7718227182139 45 48
-87.66890659340659 41.872270054945055 138.86762458692777 -87.66896477272726 41.87229255681818 -4.4793366499640355 41 42
-87.64725312499999 41.87417109375 -58.10472967323633 -87.64712715654953 41.87397383386582 9.170005814368704 31 37
-87.66671739130436 41.876533478260875 -0.4709089454040654 -87.6667 41.87580555555555 -1.5385633177305025 45 47
-87.68608821548823 41.8715382996633 177.91094492391323 -87.68610907590758 41.872306864686465 179.01853394144882 49 51
-87.66671666666667 41.871668055555546 -116.29310712541975 -87.66638362068967 41.8716425 178.65783201040156 35 45
-87.6413 41.877638 63.57877903779646 -87.64101666666666 41.876975 1.1262870529331601 45 40
-87.66263198529411 41.86934080882353 89.29665797271322 -87.66265384615383 41.86932271255061 -90.11321883255442 45 45
-87.68145147928995 41.87395707100592 -91.6959407959803 -87.68020177514792 41.87398411242604 -91.26856445691881 45 60
-87.67615232876713 41.87002764383561 178.57200962486215 -87.67617520891365 41.87089387186629 -177.0334631992158 46 47
-87.67617520891365 41.87089387186629 -177.0334631992158 -87.67615301587301 41.87146758730159 -85.74523451435992 47 31
-87.64094615384616 41.87573730769231 -2.9423874805085006 -87.64092333333335 41.87503066666667 3.075751534325426 41 39
-87.65452392857144 41.874274 -90.29991361174409 -87.65350307414104 41.874278987341775 -92.57123509821791 60 60
-87.6651085106383 41.87889978723404 88.22258831729994 -87.66613571428572 41.87888678571428 85.0062883210392 45 41
-87.66905 41.87338689473685 -7.6901881903281675 -87.66897401129944 41.8728186440678 -142.75915651008899 39 35
-87.642444 41.876875999999996 -177.7772813429501 -87.6423375 41.8776175 98.12117861065036 39 46
-87.66714628975265 41.86921759717315 -89.89950659043063 -87.66717515337423 41.869282269938644 88.58683889568064 45 45
-87.65674374225527 41.870992986369274 178.7718227182139 -87.6567525735294 41.87180904411764 -178.38952408119934 48 43
-87.65464785276075 41.86946478527608 89.63889461307726 -87.65580538720539 41.869455319865324 89.73010561311693 31 45
-87.66800242634316 41.86692493934142 90.67559175581434 -87.66880788912579 41.867040362473354 -39.03478894410662 45 40
-87.6636161228407 41.86691003838771 86.95634746053574 -87.6636820610687 41.866905992366405 92.00186860655269 60 60
-87.6689938071066 41.8707659390863 -2.5888825925289316 -87.66896393596987 41.870042071563084 -0.7334680409314875 47 49
-87.66901901140683 41.87401395437262 18.732684637247417 -87.66901697247705 41.873397522935775 115.42184112360997 40 41
-87.67607524271845 41.86933441747572 164.78583820385478 -87.67615232876713 41.87002764383561 178.57200962486215 45 46
-87.65708867924528 41.87904207547171 85.15661185839113 -87.65849298245615 41.87902982456141 88.79579516932785 45 45
-87.646076 41.8743282 -81.41086163777858 -87.64583333333333 41.87342666666667 -5.157969443193995 45 57
-87.6438948717949 41.879134358974355 -0.3710803969010638 -87.64516341463415 41.87925487804878 89.17843571749184 53 45
-87.66114229607251 41.874259425981876 88.30539912681424 -87.66229601226993 41.87421180981595 83.30631284765863 60 60
-87.64704676616915 41.87150798507463 -3.232768063496903 -87.64703966942147 41.87147876033058 0.0947185921360823 41 47
-87.67630512820512 41.871916713286716 -7.008535869030095 -87.67615301587301 41.87146758730159 -85.74523451435992 49 31
-87.68054 41.87525 -90.11735178993706 -87.67924 41.875257999999995 -90.29950292805304 90 90
-87.65438043478261 41.87910369565218 88.96918392406386 -87.65572758620691 41.879082068965516 88.50255735287094 41 45
-87.64556666666665 41.8716 -13.481412963081972 -87.6453 41.87068666666667 -8.42909480338224 64 64
-87.65225058479533 41.87429326023392 -92.69117624973399 -87.65108419243985 41.87433721649485 -93.59017923570065 45 45
-87.67638277439025 41.87275568597561 -3.1612344514147948 -87.67630512820512 41.871916713286716 -7.008535869030095 47 49
-87.65580538720539 41.869455319865324 89.73010561311693 -87.65678341968912 41.86942853626943 -166.51051731308243 45 39
-87.66088291666667 41.86934829166667 -91.49977678220783 -87.65998945147678 41.86936054852321 -90.85356488019724 45 45
-87.684401686747 41.8690323373494 88.8052586065531 -87.68516391304348 41.86902976086956 90.91031982675231 40 30
-87.6735123655914 41.86924725806452 149.66888827038562 -87.6735650406504 41.86976650406504 178.0536045811478 30 45
-87.67379999999999 41.86682333333333 84.9954088801075 -87.67507142857143 41.86680142857143 88.8233497189819 46 46
-87.65710642335766 41.86704786861314 88.83214373452054 -87.65840537815126 41.86697687394958 109.53568612172623 60 60
-87.64149062499999 41.8743621875 91.21612663310988 -87.64252619047619 41.87437238095239 89.37242143974994 40 45
-87.65605000000001 41.876515 -89.17226550577254 -87.65492499999999 41.8765025 -88.02346121733959 30 45
-87.64544000000001 41.864795 -60.16684651416107 -87.64495 41.86449666666667 0.6496488056317886 30 59
-87.65100857699805 41.86864808966862 177.91959066525197 -87.65094599483203 41.86931335917313 -142.77885824260414 49 40
-87.65051509433962 41.879175471698105 88.09117530826376 -87.65180425531915 41.87914446808511 88.52869389895584 30 45
-87.67263333333334 41.87578333333334 82.38067830980773 -87.67206666666668 41.87535 -90.9832284570875 48 75
-87.65350307414104 41.874278987341775 -92.57123509821791 -87.65348901639344 41.87429736065574 -89.9630118760838 60 45
-87.68579650537637 41.8738898655914 -93.93578728982666 -87.68612727272728 41.87497545454545 -177.5933808004745 30 58
-87.66429622641509 41.874156075471696 -88.2076788793725 -87.66336833976835 41.87416177606178 -88.4088521238499 60 60
-87.64098181818181 41.874491818181816 23.077391094124362 -87.64149062499999 41.8743621875 91.21612663310988 30 40
-87.6566560073937 41.867743345656194 178.28536520926036 -87.65668500948766 41.86859415559772 179.3534443001452 41 47
-87.67070576519916 41.86925705450734 91.29001556637299 -87.67133438735178 41.86938063241107 136.81360335567365 45 30
-87.67273832335329 41.87153221556886 -91.82886047780138 -87.67199600638978 41.87154115015975 -90.00368412195826 45 45
-87.66120444444445 41.878987333333335 88.34860729274227 -87.66256428571428 41.878951071428574 88.52260436678344 45 45
-87.65014357976655 41.86231653696498 88.7945562207537 -87.65067735849055 41.862324433962264 147.97842599780057 45 30
-87.64684666666666 41.865659575757576 -8.00758764073986 -87.64683976608187 41.8656598245614 2.0078063107510737 30 35
-87.64250000000001 41.88188176470588 177.8075655534298 -87.64272352941177 41.88250529411764 70.15769851999977 36 50
-87.68610907590758 41.872306864686465 179.01853394144882 -87.68612435677531 41.8730772212693 179.04751014941755 51 49
-87.68612435677531 41.8730772212693 179.04751014941755 -87.68613702290077 41.8736322519084 -168.04437290448715 49 40
-87.68494928315413 41.87391188172043 -91.12090525232405 -87.68386703125 41.873924984374995 -90.75107106613984 45 45
-87.64712791519435 41.873212826855124 -1.8995840656468115 -87.64708546712804 41.87243089965398 0.5652609440858779 49 47
-87.66812643678162 41.86922478927203 -94.87797638755343 -87.66891944444444 41.86936526455027 -11.57354763655383 41 37
-87.67119836065571 41.87405081967213 -98.5451605296386 -87.67021028037382 41.874101588785045 -90.06148154415344 30 40
-87.66429999999998 41.872130000000006 -164.97368937759873 -87.66400000000002 41.872986000000004 -134.21399045816113 20 30
-87.6438948717949 41.879134358974355 -0.3710803969010638 -87.64390416666667 41.87810104166666 -0.43320660743078054 53 52
-87.64538461538463 41.86417576923077 86.79346284088592 -87.64676079027356 41.86407237082067 1.8631919243603459 30 41
-87.64082300884955 41.87086530973451 -0.8473170484179725 -87.64081724137931 41.87012672413793 8.020781682044756 45 45
-87.66265384615383 41.86932271255061 -90.11321883255442 -87.66373119266055 41.869329969418956 89.2092347545053 45 40
-87.64382727272726 41.875256590909096 1.2496782157792887 -87.64377800000003 41.8744784 -51.269789741682544 60 45
-87.65118503937008 41.86948393700788 97.16128718514095 -87.65225109717868 41.869505391849536 87.57895214759857 45 45
-87.64385205479452 41.87436534246576 90.35071642681051 -87.64489843749999 41.8743303125 91.2723718584032 45 45
-87.68612727272728 41.87497545454545 -177.5933808004745 -87.6858 41.87522 -91.15807323533969 58 90
-87.68446000000002 41.875235999999994 -90.86853099991896 -87.68314000000001 41.875246 -89.88262201462068 90 90
-87.6737083462133 41.86924095826893 87.51522480168151 -87.67359240506329 41.86977202531645 90.22977885907578 45 45
-87.67830788530466 41.86913356630824 88.402880474645 -87.6793556640625 41.869116484375 88.9371088180066 60 60
-87.66175445026178 41.869323089005235 -89.02318987193455 -87.66156 41.86794 -1.6705352497896215 45 55
-87.66808780487807 41.869262090592336 86.76738671161372 -87.66714628975265 41.86921759717315 -89.89950659043063 45 45
-87.65555736961451 41.874251632653056 -94.8555061082332 -87.65554796084828 41.87425145187601 -90.36586882594958 45 45
-87.64272352941177 41.88250529411764 70.15769851999977 -87.64350714285715 41.88190642857143 82.52215748820939 50 53
-87.68601845637586 41.869974144295306 178.2391899388324 -87.68604848993289 41.870757869127516 178.49958351342093 47 49
-87.64991283783783 41.87434293918919 -90.15353985273022 -87.64989095022624 41.87435925339366 -94.67947084718618 45 45
-87.67546619170984 41.87145458549223 -91.49033545665078 -87.6744344117647 41.87149792647059 -92.47664143464749 40 45
-87.65701666666666 41.876394999999995 -23.72953588832169 -87.65712 41.87537400000001 -88.31759706253223 29 64
-87.66613571428572 41.87888678571428 85.0062883210392 -87.66673461538463 41.87868923076923 6.119455760550397 41 30
-87.66674523809525 41.87803666666667 -1.1570455330631133 -87.66672162162166 41.87724513513514 -0.5177500221897269 43 50
-87.66898206521739 41.872813206521734 1.0191769220908211 -87.66890659340659 41.872270054945055 138.86762458692777 36 41
-87.66764918699187 41.874184634146346 87.59128308509992 -87.66838980582526 41.87416563106796 76.3805428485721 45 45
-87.68186 41.875246 -90.53631710779023 -87.68054 41.87525 -90.11735178993706 90 90
-87.64676046511629 41.8648911627907 -79.26823480776788 -87.64574166666667 41.86477333333334 -91.36084225919987 31 30
-87.65098558558557 41.866372792792795 174.258147375998 -87.65105378421899 41.86712104669888 -166.42798048881176 45 45
-87.679 41.86679375 -5.801050918810973 -87.68035555555555 41.866691111111116 74.37849282200582 48 60
-87.64870427553444 41.874385581947735 -84.24565375496593 -87.64798116504853 41.87432937864078 -83.51738978313534 45 45
-87.64569999999999 41.87254 -4.486777901937677 -87.64556666666665 41.8716 -13.481412963081972 61 64
-87.6696 41.868294000000006 -1.3522502157272305 -87.66889578414839 41.86780730185497 179.62673876887368 50 47
-87.68130739957716 41.869087822410144 87.71418409721662 -87.68214692482915 41.86906214123006 87.99318106776795 45 45
-87.66205000000002 41.87294 -11.732861706879955 -87.6619 41.87210666666667 -1.078139175329236 28 46
-87.66727499999999 41.876365 89.74836154261564 -87.66865 41.87633666666667 88.79396955982261 45 45
-87.64743 41.874877 -63.51506259014201 -87.646076 41.8743282 -81.41086163777858 60 45
-87.6861 41.876005 176.5728782966682 -87.6862 41.8769775 177.37517056862657 39 36
-87.64096538461538 41.876375384615386 -1.0201619496185363 -87.64094615384616 41.87573730769231 -2.9423874805085006 41 41
-87.64479999999999 41.86667 -2.457551645106494 -87.64472500000001 41.865545 -1.9890905967440573 71 71
-87.64910612244898 41.879202040816324 88.9207587236777 -87.65051509433962 41.879175471698105 88.09117530826376 45 30
-87.66175445026178 41.869323089005235 -89.02318987193455 -87.66090163265307 41.86936448979592 88.91514403076756 45 45
-87.65840537815126 41.86697687394958 109.53568612172623 -87.65850183639398 41.86699951585977 87.46203947769804 60 60
-87.67379999999999 41.86682333333333 84.9954088801075 -87.67242 41.866755999999995 -89.61866508250301 46 45
-87.67154354838709 41.87007 96.53848055095148 -87.6713994047619 41.870343630952384 -175.61223176051024 45 40
-87.64083731343285 41.87170626865671 -3.7381310923263324 -87.64082300884955 41.87086530973451 -0.8473170484179725 33 45
-87.64256341463414 41.879286585365854 88.81732771039331 -87.642584 41.87924520000001 -177.33676844315428 43 44
-87.64385957446807 41.877102127659576 -0.2736673565716945 -87.64384146341462 41.87615731707318 0.07135311353797207 53 59
-87.65087709923664 41.86367882951653 175.81047418251754 -87.65019295774651 41.86356591549296 -116.65794082464856 27 22
-87.65992765957446 41.87900446808511 88.61133424520779 -87.66120444444445 41.878987333333335 88.34860729274227 45 45
-87.66240656303972 41.86691937823835 73.30110624748953 -87.6636161228407 41.86691003838771 86.95634746053574 60 60
-87.6599972762646 41.86938284046693 88.26613681421442 -87.66088291666667 41.86934829166667 -91.49977678220783 45 45
-87.66612408536587 41.86930661585366 89.13952494540412 -87.66631529411764 41.87040835294118 178.18998701483756 45 47
-87.66908102564102 41.87402856410256 -119.93333323257241 -87.66901901140683 41.87401395437262 18.732684637247417 35 40
-87.66891193415637 41.868559238683126 2.6085296920701664 -87.66891463414633 41.868569808362366 -179.72528372055007 51 45
-87.6468985815603 41.86241581560284 81.67258965547653 -87.64760642857142 41.86237210714285 87.95509064792529 30 45
-87.64135714285715 41.87928392857142 92.44136546154064 -87.64256341463414 41.879286585365854 88.81732771039331 36 43
-87.66786666666667 41.87538 -90.14067615755631 -87.66668095238094 41.87505047619048 -0.2915770798149828 90 44
-87.662125 41.87543375 -89.91825111366701 -87.66091428571427 41.87543285714286 -88.88757796086388 90 90
-87.64219290780143 41.870712836879434 178.61180601170855 -87.64222524271842 41.87156844660195 -179.05180647524736 51 49
-87.64495 41.86449666666667 0.6496488056317886 -87.64463333333333 41.863306666666666 -1.534068696242586 59 69
-87.6545160933661 41.8670613022113 84.48658877186548 -87.65574401473297 41.86707298342541 88.34593372593159 60 60
-87.65446689419795 41.86707730375427 90.37633872989636 -87.6545160933661 41.8670613022113 84.48658877186548 45 60
-87.65070000000001 41.87518 -90.26660936916153 -87.6491625 41.87501625 -87.89228499867009 60 60
-87.65554796084828 41.87425145187601 -90.36586882594958 -87.65457485148514 41.87426762376238 -92.94586397574845 45 60
-87.68214692482915 41.86906214123006 87.99318106776795 -87.68296288209606 41.86904801310043 88.90951969402606 45 45
-87.64583333333333 41.87342666666667 -5.157969443193995 -87.64569999999999 41.87254 -4.486777901937677 57 61
-87.6501858974359 41.863765512820514 77.46971748603373 -87.65087709923664 41.86367882951653 175.81047418251754 20 27
-87.65426666666667 41.87535 -86.24792907598328 -87.65302499999999 41.875295 -86.13567877746519 60 60
-87.64489843749999 41.8743303125 91.2723718584032 -87.64490634920637 41.87438015873017 85.96966879571237 45 45
-87.65664462962962 41.87413027777777 149.42524762970675 -87.6564411420205 41.87421298682284 -92.99353254052002 35 45
-87.65696239600666 41.86701068219634 -112.40358230271302 -87.65710642335766 41.86704786861314 88.83214373452054 45 60
-87.68031744421907 41.869112413793104 88.59790418906006 -87.68130739957716 41.869087822410144 87.71418409721662 45 45
-87.65701666666666 41.876394999999995 -23.72953588832169 -87.65605000000001 41.876515 -89.17226550577254 29 30
-87.65090398550723 41.864522862318836 177.43700203867965 -87.65094056224899 41.86536265060241 -179.9629399875548 29 43
-87.66091428571427 41.87543285714286 -88.88757796086388 -87.65947142857142 41.87539857142857 -87.53759911426312 90 75
-87.6474527145359 41.867214605954466 92.30384014228166 -87.64860384615385 41.86718799533799 88.72600076853563 45 45
-87.657997979798 41.8693764983165 -91.7271456420827 -87.65690245614034 41.86944333333333 88.7441153872643 45 45
-87.66673461538463 41.87868923076923 6.119455760550397 -87.66674523809525 41.87803666666667 -1.1570455330631133 30 43
-87.64712715654953 41.87397383386582 9.170005814368704 -87.64707377049182 41.8732612568306 4.721275161398073 37 45
-87.66897401129944 41.8728186440678 -142.75915651008899 -87.66898206521739 41.872813206521734 1.0191769220908211 35 36
-87.65849298245615 41.87902982456141 88.79579516932785 -87.65992765957446 41.87900446808511 88.61133424520779 45 45
-87.64252619047619 41.87437238095239 89.37242143974994 -87.64377800000003 41.8744784 -51.269789741682544 45 45
-87.64398437499999 41.8810265625 0.6498808117672216 -87.64393684210529 41.880120789473686 -2.3172160042112666 48 51
-87.64383658536585 41.87927853658536 87.07833573188952 -87.6438948717949 41.879134358974355 -0.3710803969010638 45 53
-87.65325461711711 41.86710876126126 87.56144201754655 -87.65446689419795 41.86707730375427 90.37633872989636 45 45
-87.6423275862069 41.87359586206897 179.47992379844118 -87.64252619047619 41.87437238095239 89.37242143974994 51 45
-87.64798116504853 41.87432937864078 -83.51738978313534 -87.64743 41.874877 -63.51506259014201 45 60
-87.66621999999997 41.86779763636364 178.44116855291023 -87.66625106382979 41.86860680851064 177.13939101884304 48 47
-87.66631529411764 41.87040835294118 178.18998701483756 -87.66638362068967 41.8716425 178.65783201040156 47 45
-87.64989095022624 41.87435925339366 -94.67947084718618 -87.6491625 41.87501625 -87.89228499867009 45 60
-87.6667 41.87576800000001 152.72827852598562 -87.66668095238094 41.87505047619048 -0.2915770798149828 42 44
-87.64677062706271 41.8632996039604 -0.26877067423664797 -87.64674269005849 41.862710350877194 2.825318670969544 45 41
-87.67135 41.87611 81.93497367035859 -87.67263333333334 41.87578333333334 82.38067830980773 45 48
-87.64490634920637 41.87438015873017 85.96966879571237 -87.64604150943397 41.87434622641509 89.4634864723928 45 45
-87.6664 41.87512785714285 -126.01067684856578 -87.66491818181817 41.87536545454546 -92.77296915354268 90 90
-87.64256341463414 41.879286585365854 88.81732771039331 -87.64255833333334 41.880150416666666 -179.85016780256586 43 56
-87.68198333333333 41.869825 83.44003289398691 -87.68296288209606 41.86904801310043 88.90951969402606 60 45
-87.65008778625953 41.869599312977094 82.5752457910225 -87.65118503937008 41.86948393700788 97.16128718514095 45 45
-87.64496666666666 41.86870666666667 -4.773070130193501 -87.64486666666669 41.867676666666675 -3.646088972587302 69 70
-87.68431666666667 41.866598333333336 91.65209726408615 -87.68568 41.866879999999995 150.43502422426857 34 22
-87.65302499999999 41.875295 -86.13567877746519 -87.65175555555555 41.87528888888889 -24.135434204875565 60 46
-87.6453 41.87068666666667 -8.42909480338224 -87.64480804597703 41.869686781609204 79.83156729269379 64 45
-87.64895808270677 41.87435954887217 -92.09070045601902 -87.64870427553444 41.874385581947735 -84.24565375496593 45 45
-87.679 41.86679375 -5.801050918810973 -87.6777 41.866795 2.362345578706551 48 45
-87.66840792079208 41.87415371287129 -116.71274997850607 -87.66908102564102 41.87402856410256 -119.93333323257241 45 35
-87.64463333333333 41.863306666666666 -1.534068696242586 -87.64460000000001 41.86228333333333 -1.1107769751798318 69 67
-87.66335714285712 41.875417142857145 -91.64128855382071 -87.662125 41.87543375 -89.91825111366701 79 90
-87.64707377049182 41.8732612568306 4.721275161398073 -87.64712791519435 41.873212826855124 -1.8995840656468115 45 49
-87.66769459459461 41.87155837837838 -106.08710376354964 -87.66764081632653 41.871661632653066 -82.94690100768763 45 45
-87.68598333333335 41.868019999999994 179.01640525627684 -87.68573705583756 41.86901974619289 111.23813478122574 26 30
-87.66672162162166 41.87724513513514 -0.5177500221897269 -87.66671739130436 41.876533478260875 -0.4709089454040654 50 45
-87.67009999999999 41.87627 80.82929168431247 -87.67135 41.87611 81.93497367035859 45 45
-87.64226989247312 41.869745376344085 87.96868092409242 -87.64237902097902 41.869844265734265 -142.62144794369746 45 45
-87.66110459183673 41.86698547619048 88.2440091121202 -87.6623907308378 41.86693650623886 90.5698206408481 60 60
-87.6709892857143 41.86675535714286 -89.5599716801871 -87.67018571428571 41.8667648051948 -91.56297469302666 40 45
-87.64197666666665 41.87197300000001 -97.84707668683554 -87.64230689655173 41.872649310344826 178.66617308383886 30 47
-87.65698888888888 41.875217777777785 -6.6496174014031775 -87.65555 41.875415 -86.46055670661723 45 60
-87.6763 41.866777 -0.7632865148999043 -87.6777 41.866795 2.362345578706551 45 45
-87.67182424242424 41.868873939393936 91.08415567427228 -87.67215900339751 41.86929972819933 89.0055354555716 45 45
-87.64129310344828 41.8719875862069 -81.42786578671203 -87.64083731343285 41.87170626865671 -3.7381310923263324 45 33
-87.65850183639398 41.86699951585977 87.46203947769804 -87.65979409722223 41.86697237847222 90.31172511144217 60 60
-87.6714694214876 41.8726552892562 179.3464068169195 -87.67147536231884 41.873587246376815 -176.0486796047819 45 45
-87.64591376811595 41.869631086956524 -89.99973307804574 -87.64480804597703 41.869686781609204 79.83156729269379 45 45
-87.64686742424243 41.86659992424243 -11.351069622664243 -87.64686992481202 41.86645338345865 -0.029913077013670842 39 39
-87.67018571428571 41.8667648051948 -91.56297469302666 -87.66935066666666 41.866786 -86.56131355427428 45 45
-87.66889719827586 41.867829849137934 0.8096587051915677 -87.66891193415637 41.868559238683126 2.6085296920701664 52 51
-87.66931850899743 41.87156249357327 -82.51017341699004 -87.66891968911915 41.87179917098445 4.30063344786897 40 35
-87.6771009202454 41.86915748466257 88.60585140885502 -87.67830788530466 41.86913356630824 88.402880474645 60 60
-87.64708546712804 41.87243089965398 0.5652609440858779 -87.64707381546137 41.87234376558603 -7.121739881124257 47 41
-87.67132380952381 41.86703142857142 -10.273955712017985 -87.6709892857143 41.86675535714286 -89.5599716801871 39 40
-87.64141666666666 41.88211999999999 95.98874740493338 -87.64244666666667 41.88189666666667 82.80239855082242 30 58
-87.6619 41.87210666666667 -1.078139175329236 -87.6619 41.871182 -1.7271992072922426 46 47
-87.64197666666665 41.87197300000001 -97.84707668683554 -87.64129310344828 41.8719875862069 -81.42786578671203 30 45
-87.67668 41.875274000000005 -90.80918534689049 -87.67526666666667 41.87529 -91.01537797723249 90 75
-87.65492499999999 41.8765025 -88.02346121733959 -87.6536 41.876473999999995 -90.04694196753306 45 45
-87.66384651162792 41.878929534883724 88.46869293656715 -87.6651085106383 41.87889978723404 88.22258831729994 45 45
-87.66891968911915 41.87179917098445 4.30063344786897 -87.66885038167939 41.87174877862596 -147.3792553742947 35 37
-87.65668500948766 41.86859415559772 179.3534443001452 -87.65678341968912 41.86942853626943 -166.51051731308243 47 39
-87.6667 41.87580555555555 -1.5385633177305025 -87.6667 41.87576800000001 152.72827852598562 47 42
-87.6724 41.866895 88.88933897974252 -87.67379999999999 41.86682333333333 84.9954088801075 45 46
-87.6713994047619 41.870343630952384 -175.61223176051024 -87.67143208955224 41.871429253731336 -175.60406176037375 40 45
-87.6706940092166 41.871540599078344 -90.84846249825058 -87.6699543417367 41.87155549019608 -91.79974573156434 45 45
-87.64706974522292 41.86961901273885 -89.50576469880264 -87.64606492537312 41.869604402985075 -98.94698464204802 41 45
-87.65994655172413 41.874177241379314 -90.72205315296499 -87.65874444444445 41.874189083333334 -90.86686054464649 60 60
-87.6735650406504 41.86976650406504 178.0536045811478 -87.67359240506329 41.86977202531645 90.22977885907578 45 45
-87.6619 41.871182 -1.7271992072922426 -87.66187500000001 41.8702275 -11.782252200427257 47 41
-87.6491625 41.87501625 -87.89228499867009 -87.64870427553444 41.874385581947735 -84.24565375496593 60 45
-87.64385957446807 41.877102127659576 -0.2736673565716945 -87.642444 41.876875999999996 -177.7772813429501 53 39
-87.64222524271842 41.87156844660195 -179.05180647524736 -87.64197666666665 41.87197300000001 -97.84707668683554 49 30
-87.65104884004883 41.86713709401709 87.2747093502141 -87.65105378421899 41.86712104669888 -166.42798048881176 45 45
-87.64986561679792 41.86717087926509 88.99970404780936 -87.65104884004883 41.86713709401709 87.2747093502141 45 45
-87.65004093959732 41.86949026845638 -90.75257000332827 -87.64910656565655 41.86951611111111 -92.8548981099141 45 45
-87.66901697247705 41.873397522935775 115.42184112360997 -87.66905 41.87338689473685 -7.6901881903281675 41 39
-87.64699618320613 41.86737053435115 7.227148797874383 -87.6474527145359 41.867214605954466 92.30384014228166 34 45
-87.68175 41.86665875 177.08895641486743 -87.6831 41.866616666666665 100.0562649565906 61 45
-87.67359240506329 41.86977202531645 90.22977885907578 -87.67472188888888 41.86923277777778 87.46729246788094 45 45
-87.65097775628627 41.867893094777564 178.36799791975346 -87.65100857699805 41.86864808966862 177.91959066525197 45 49
-87.65824285714284 41.87536 -87.66869330497515 -87.65712 41.87537400000001 -88.31759706253223 60 64
-87.6437590909091 41.88183545454545 14.603118210347569 -87.64398437499999 41.8810265625 0.6498808117672216 44 48
-87.67021028037382 41.874101588785045 -90.06148154415344 -87.66908102564102 41.87402856410256 -119.93333323257241 40 35
-87.66891463414633 41.868569808362366 -179.72528372055007 -87.66907710176991 41.86921204646018 104.97255721776891 45 30
-87.6858 41.87522 -91.15807323533969 -87.68446000000002 41.875235999999994 -90.86853099991896 90 90
-87.66808780487807 41.869262090592336 86.76738671161372 -87.66812643678162 41.86922478927203 -94.87797638755343 45 41
-87.65696239600666 41.86701068219634 -112.40358230271302 -87.6566560073937 41.867743345656194 178.28536520926036 45 41
-87.64816194690263 41.86952920353981 -89.63637845370177 -87.64814581005587 41.869579888268156 170.9115040482354 45 45
-87.6567525735294 41.87180904411764 -178.38952408119934 -87.6567099489796 41.872617653061226 -177.6345149099301 43 39
-87.65180425531915 41.87914446808511 88.52869389895584 -87.65310000000001 41.87912368421053 88.73796424372048 45 45
-87.6858 41.87522 -91.15807323533969 -87.6861 41.876005 176.5728782966682 90 39
-87.64127333333333 41.88276399999999 28.91055732285339 -87.64122777777779 41.882266111111115 -4.00797266018666 27 32
-87.65759516616313 41.87420259818731 -91.68271191662352 -87.65664462962962 41.87413027777777 149.42524762970675 45 35
-87.67472188888888 41.86923277777778 87.46729246788094 -87.67578788282289 41.86919688415446 87.92511708156528 45 45
-87.68035555555555 41.866691111111116 74.37849282200582 -87.68175 41.86665875 177.08895641486743 60 61
-87.65348901639344 41.87429736065574 -89.9630118760838 -87.65452392857144 41.874274 -90.29991361174409 45 60
-87.64393684210529 41.880120789473686 -2.3172160042112666 -87.64383658536585 41.87927853658536 87.07833573188952 51 45
-87.67206666666668 41.87535 -90.9832284570875 -87.67073333333333 41.87535666666667 -89.39317173293936 75 70
-87.67353066202091 41.87027961672474 173.67785283493157 -87.67360299999999 41.87085946666666 178.73025161277064 42 37
-87.64676079027356 41.86407237082067 1.8631919243603459 -87.64677062706271 41.8632996039604 -0.26877067423664797 41 45
-87.64122777777779 41.882266111111115 -4.00797266018666 -87.64141666666666 41.88211999999999 95.98874740493338 32 30
-87.646076 41.8743282 -81.41086163777858 -87.64725312499999 41.87417109375 -58.10472967323633 45 31
-87.64686992481202 41.86645338345865 -0.029913077013670842 -87.64684666666666 41.865659575757576 -8.00758764073986 39 30
-87.65210960384155 41.86713262905162 87.77417575790483 -87.65325461711711 41.86710876126126 87.56144201754655 45 45
-87.65572758620691 41.879082068965516 88.50255735287094 -87.65708867924528 41.87904207547171 85.15661185839113 45 45
-87.66865 41.87633666666667 88.79396955982261 -87.67009999999999 41.87627 80.82929168431247 45 45
-87.68314000000001 41.875246 -89.88262201462068 -87.68186 41.875246 -90.53631710779023 90 90
-87.6617408071749 41.86935883408072 89.73135352080048 -87.66263198529411 41.86934080882353 89.29665797271322 45 45
-87.65175555555555 41.87528888888889 -24.135434204875565 -87.65225058479533 41.87429326023392 -92.69117624973399 46 45
-87.64123636363637 41.869786818181815 83.79137226930541 -87.64226989247312 41.869745376344085 87.96868092409242 40 45
-87.6478044871795 41.87435814102564 -53.126613997253955 -87.64725312499999 41.87417109375 -58.10472967323633 45 31
-87.67607524271845 41.86933441747572 164.78583820385478 -87.6771009202454 41.86915748466257 88.60585140885502 45 60
-87.67199600638978 41.87154115015975 -90.00368412195826 -87.67143208955224 41.871429253731336 -175.60406176037375 45 45
-87.64096470588235 41.87926764705883 2.1217778908506744 -87.64135714285715 41.87928392857142 92.44136546154064 23 36
-87.64104666666665 41.877602 -3.6009799030133207 -87.6413 41.877638 63.57877903779646 39 45
-87.65708867924528 41.87904207547171 85.15661185839113 -87.65702499999999 41.87805 -1.0258570007518537 45 33
-87.64486666666669 41.867676666666675 -3.646088972587302 -87.64479999999999 41.86667 -2.457551645106494 70 71
-87.64860384615385 41.86718799533799 88.72600076853563 -87.64986561679792 41.86717087926509 88.99970404780936 45 45
-87.65702499999999 41.87805 -1.0258570007518537 -87.657075 41.877165 1.2125476514115534 33 40
-87.66336833976835 41.87416177606178 -88.4088521238499 -87.66331815181519 41.87419976897691 92.24752601526828 60 60
-87.67798 41.875262 -90.60740629026346 -87.67668 41.875274000000005 -90.80918534689049 90 90
-87.64351382113821 41.869690000000006 -95.23736089194831 -87.64339145299145 41.86969487179488 -88.46810149167686 45 45
-87.65555 41.875415 -86.46055670661723 -87.65426666666667 41.87535 -86.24792907598328 60 60
-87.67073333333333 41.87535666666667 -89.39317173293936 -87.66916666666667 41.875285 -82.1740612151594 70 90
-87.6536 41.876473999999995 -90.04694196753306 -87.6522 41.87643166666666 -62.94316325706669 45 45
-87.66896477272726 41.87229255681818 -4.4793366499640355 -87.66891968911915 41.87179917098445 4.30063344786897 42 35
-87.65574401473297 41.86707298342541 88.34593372593159 -87.65591047463175 41.86699882160392 -100.12476565638536 60 60
-87.68031744421907 41.869112413793104 88.59790418906006 -87.68198333333333 41.869825 83.44003289398691 45 60
-87.64248333333335 41.87443875 -157.07510302610504 -87.64239565217393 41.87520239130435 178.4412838446901 45 48
-87.64237902097902 41.869844265734265 -142.62144794369746 -87.64219290780143 41.870712836879434 178.61180601170855 45 51
-87.65019295774651 41.86356591549296 -116.65794082464856 -87.6501858974359 41.863765512820514 77.46971748603373 22 20
-87.67132380952381 41.86703142857142 -10.273955712017985 -87.6724 41.866895 88.88933897974252 39 45
-87.66611586538463 41.866919182692314 90.07801689200119 -87.6670926746167 41.86691471890971 89.96579470104302 45 45
-87.64077272727273 41.88012636363636 -2.1412562433843787 -87.640675 41.87990875 22.833152999619898 37 31
-87.6564411420205 41.87421298682284 -92.99353254052002 -87.65555736961451 41.874251632653056 -94.8555061082332 45 45
-87.66287500000001 41.8732825 -97.66671926822487 -87.66205000000002 41.87294 -11.732861706879955 45 28
-87.64252619047619 41.87437238095239 89.37242143974994 -87.64248333333335 41.87443875 -157.07510302610504 45 45
-87.66494936708861 41.869271962025316 -92.70143783198668 -87.66375457627119 41.869295762711864 -93.17444265780699 45 30
-87.65947142857142 41.87539857142857 -87.53759911426312 -87.65824285714284 41.87536 -87.66869330497515 75 60
